-245.0,176.0
-246.0,173.0
-246.0,172.0
-246.0,171.0
-247.0,168.0
-247.0,167.0
-248.0,165.0
-248.0,162.0
-248.0,161.0
-248.0,159.0
-248.0,157.0
-249.0,155.0
-251.0,150.0
-251.0,146.0
-251.0,141.0
-251.0,139.0
-251.0,136.0
-251.0,134.0
-251.0,131.0
-251.0,127.0
-250.0,122.0
-250.0,120.0
-249.0,117.0
-249.0,115.0
-249.0,113.0
-249.0,111.0
-248.0,107.0
-248.0,104.0
-248.0,99.0
-247.0,96.0
-247.0,94.0
-247.0,89.0
-247.0,87.0
-245.0,82.0
-245.0,80.0
-245.0,77.0
-244.0,74.0
-242.0,72.0
-242.0,71.0
-241.0,68.0
-240.0,67.0
-240.0,65.0
-239.0,62.0
-237.0,61.0
-237.0,58.0
-237.0,57.0
-236.0,56.0
-236.0,55.0
-236.0,52.0
-236.0,51.0
-235.0,50.0
-235.0,49.0
-235.0,48.0
-235.0,47.0
-234.0,46.0
-234.0,44.0
-234.0,43.0
-234.0,41.0
-233.0,39.0
-233.0,36.0
-233.0,34.0
-233.0,32.0
-233.0,30.0
-233.0,27.0
-233.0,26.0
-233.0,24.0
-234.0,22.0
-234.0,19.0
-234.0,18.0
-235.0,17.0
-235.0,16.0
-235.0,15.0
-235.0,14.0
-235.0,13.0
-236.0,11.0
-236.0,10.0
-236.0,9.0
-238.0,8.0
-238.0,7.0
-238.0,6.0
-239.0,5.0
-239.0,3.0
-239.0,2.0
-239.0,1.0
-239.0,0.0
-240.0,-1.0
-240.0,-2.0
-240.0,-3.0
-240.0,-4.0
-240.0,-3.0
-238.0,-3.0
-237.0,-2.0
-236.0,-2.0
-235.0,-1.0
-234.0,0.0
-233.0,0.0
-232.0,2.0
-230.0,3.0
-229.0,3.0
-225.0,4.0
-223.0,4.0
-219.0,4.0
-213.0,4.0
-208.0,4.0
-202.0,4.0
-196.0,3.0
-190.0,2.0
-184.0,0.0
-179.0,-1.0
-173.0,-3.0
-169.0,-4.0
-165.0,-6.0
-163.0,-7.0
-160.0,-7.0
-157.0,-8.0
-156.0,-8.0
-155.0,-8.0
-153.0,-8.0
-152.0,-8.0
-151.0,-8.0
-150.0,-8.0
-149.0,-8.0
-148.0,-8.0
-147.0,-8.0
-145.0,-8.0
-144.0,-8.0
-143.0,-8.0
-142.0,-8.0
-141.0,-8.0
-140.0,-8.0
-139.0,-8.0
-138.0,-8.0
-136.0,-8.0
-135.0,-8.0
-134.0,-8.0
-133.0,-8.0
-132.0,-8.0
-127.0,-8.0
-125.0,-8.0
-122.0,-8.0
-121.0,-8.0
-119.0,-8.0
-118.0,-7.0
-116.0,-7.0
-115.0,-7.0
-115.0,-6.0
-114.0,-6.0
-113.0,-4.0
-112.0,-4.0
-111.0,-4.0
-110.0,-3.0
-108.0,-3.0
-107.0,-3.0
-106.0,-2.0
-105.0,-2.0
-104.0,-1.0
-103.0,-1.0
-100.0,-1.0
-96.0,-1.0
-92.0,1.0
-91.0,1.0
-88.0,2.0
-87.0,3.0
-86.0,3.0
-85.0,3.0
-83.0,3.0
-82.0,3.0
-81.0,3.0
-80.0,3.0
-79.0,3.0
-78.0,3.0
-78.0,4.0
-78.0,8.0
-78.0,14.0
-78.0,20.0
-80.0,26.0
-80.0,37.0
-80.0,43.0
-80.0,51.0
-80.0,57.0
-80.0,63.0
-80.0,67.0
-80.0,71.0
-80.0,76.0
-80.0,80.0
-80.0,84.0
-80.0,89.0
-80.0,93.0
-80.0,95.0
-80.0,98.0
-80.0,99.0
-80.0,102.0
-80.0,103.0
-80.0,104.0
-80.0,105.0
-80.0,106.0
-80.0,108.0
-80.0,110.0
-80.0,111.0
-80.0,112.0
-81.0,114.0
-81.0,117.0
-81.0,121.0
-81.0,125.0
-81.0,128.0
-81.0,132.0
-81.0,136.0
-81.0,141.0
-81.0,144.0
-81.0,147.0
-81.0,148.0
-81.0,150.0
-81.0,151.0
-80.0,152.0
-80.0,154.0
-80.0,155.0
-80.0,156.0
-79.0,157.0
-79.0,158.0
-79.0,159.0
-78.0,160.0
-78.0,161.0
-78.0,164.0
-78.0,165.0
-78.0,166.0
-78.0,167.0
-78.0,168.0
-78.0,169.0
-78.0,171.0
-78.0,172.0
-78.0,173.0
-78.0,174.0
-79.0,174.0
-80.0,174.0
-81.0,174.0
-82.0,174.0
-83.0,174.0
-85.0,174.0
-86.0,174.0
-87.0,174.0
-88.0,174.0
-90.0,174.0
-91.0,174.0
-94.0,174.0
-95.0,174.0
-96.0,174.0
-97.0,173.0
-98.0,173.0
-100.0,173.0
-101.0,172.0
-102.0,172.0
-103.0,172.0
-104.0,172.0
-105.0,172.0
-106.0,170.0
-108.0,170.0
-109.0,170.0
-110.0,170.0
-111.0,170.0
-115.0,170.0
-118.0,169.0
-122.0,169.0
-124.0,169.0
-129.0,168.0
-131.0,168.0
-134.0,168.0
-136.0,168.0
-139.0,166.0
-140.0,166.0
-141.0,166.0
-144.0,166.0
-145.0,166.0
-146.0,166.0
-147.0,166.0
-148.0,166.0
-152.0,166.0
-153.0,166.0
-154.0,166.0
-157.0,166.0
-158.0,166.0
-160.0,166.0
-164.0,166.0
-167.0,166.0
-170.0,166.0
-171.0,166.0
-174.0,166.0
-176.0,166.0
-178.0,166.0
-181.0,166.0
-184.0,168.0
-186.0,168.0
-187.0,168.0
-188.0,168.0
-189.0,168.0
-190.0,168.0
-192.0,168.0
-193.0,168.0
-194.0,168.0
-195.0,168.0
-196.0,168.0
-197.0,168.0
-198.0,168.0
-200.0,168.0
-201.0,168.0
-203.0,168.0
-204.0,168.0
-205.0,168.0
-206.0,168.0
-208.0,168.0
-209.0,168.0
-210.0,168.0
-211.0,167.0
-212.0,167.0
-213.0,167.0
-215.0,167.0
-217.0,167.0
-218.0,167.0
-220.0,167.0
-221.0,167.0
-223.0,167.0
-225.0,167.0
-226.0,167.0
-228.0,167.0
-230.0,167.0
-234.0,167.0
-235.0,167.0
-236.0,167.0
-237.0,167.0
-238.0,167.0
-240.0,167.0
-241.0,168.0
-242.0,168.0
-243.0,168.0
-244.0,168.0
-245.0,168.0
-246.0,168.0
-247.0,168.0
-249.0,168.0
-248.0,169.0
-247.0,169.0
-246.0,170.0
-246.0,171.0
-245.0,172.0
-244.0,173.0
-243.0,174.0
-242.0,176.0
-241.0,176.0
-239.0,177.0
-238.0,178.0
-237.0,179.0
-235.0,180.0
-233.0,181.0
-232.0,183.0
-230.0,184.0
-229.0,185.0
-228.0,186.0
-225.0,187.0
-224.0,188.0
-221.0,190.0
-220.0,191.0
-219.0,192.0
-218.0,193.0
-215.0,194.0
-214.0,196.0
-213.0,197.0
-212.0,198.0
-210.0,199.0
-207.0,200.0
-204.0,202.0
-201.0,203.0
-199.0,205.0
-197.0,206.0
-196.0,207.0
-195.0,208.0
-194.0,209.0
-193.0,210.0
-192.0,211.0
-191.0,212.0
-190.0,214.0
-188.0,215.0
-187.0,216.0
-186.0,216.0
-185.0,217.0
-184.0,218.0
-183.0,219.0
-182.0,220.0
-179.0,222.0
-177.0,224.0
-175.0,226.0
-172.0,228.0
-170.0,231.0
-168.0,233.0
-168.0,234.0
-167.0,235.0
-166.0,236.0
-165.0,237.0
-163.0,239.0
-162.0,240.0
-161.0,241.0
-161.0,242.0
-160.0,243.0
-159.0,244.0
-159.0,245.0
-158.0,245.0
-157.0,245.0
-153.0,242.0
-151.0,241.0
-150.0,239.0
-149.0,238.0
-148.0,237.0
-147.0,235.0
-146.0,234.0
-144.0,233.0
-143.0,232.0
-142.0,231.0
-141.0,230.0
-140.0,229.0
-139.0,227.0
-138.0,226.0
-136.0,225.0
-135.0,224.0
-134.0,223.0
-133.0,222.0
-132.0,221.0
-131.0,221.0
-130.0,219.0
-129.0,218.0
-127.0,217.0
-126.0,216.0
-125.0,215.0
-124.0,214.0
-121.0,213.0
-120.0,211.0
-119.0,210.0
-118.0,209.0
-117.0,208.0
-116.0,207.0
-115.0,206.0
-113.0,206.0
-112.0,205.0
-112.0,203.0
-110.0,202.0
-109.0,201.0
-108.0,200.0
-107.0,199.0
-106.0,198.0
-104.0,198.0
-103.0,197.0
-102.0,195.0
-101.0,195.0
-100.0,194.0
-99.0,193.0
-98.0,192.0
-96.0,191.0
-94.0,190.0
-93.0,189.0
-92.0,189.0
-91.0,187.0
-88.0,186.0
-87.0,186.0
-84.0,185.0
-83.0,185.0
-82.0,184.0
-80.0,183.0
-79.0,182.0
-79.0,181.0
-212.0,132.0
-212.0,131.0
-212.0,130.0
-213.0,129.0
-213.0,126.0
-213.0,125.0
-213.0,123.0
-213.0,122.0
-214.0,121.0
-214.0,119.0
-214.0,118.0
-214.0,117.0
-214.0,116.0
-214.0,115.0
-214.0,114.0
-215.0,113.0
-215.0,111.0
-215.0,110.0
-215.0,109.0
-215.0,108.0
-215.0,107.0
-215.0,106.0
-215.0,105.0
-217.0,104.0
-217.0,102.0
-217.0,101.0
-217.0,100.0
-217.0,99.0
-217.0,98.0
-216.0,98.0
-215.0,98.0
-214.0,97.0
-213.0,97.0
-212.0,97.0
-211.0,97.0
-210.0,97.0
-209.0,97.0
-207.0,97.0
-206.0,97.0
-205.0,97.0
-204.0,97.0
-203.0,97.0
-202.0,97.0
-201.0,97.0
-199.0,97.0
-198.0,97.0
-197.0,97.0
-196.0,97.0
-195.0,97.0
-194.0,97.0
-191.0,97.0
-190.0,98.0
-189.0,98.0
-188.0,99.0
-187.0,99.0
-186.0,100.0
-185.0,101.0
-183.0,101.0
-182.0,101.0
-181.0,103.0
-180.0,103.0
-179.0,103.0
-178.0,104.0
-178.0,105.0
-177.0,105.0
-177.0,106.0
-176.0,107.0
-176.0,108.0
-174.0,109.0
-174.0,110.0
-174.0,112.0
-174.0,113.0
-174.0,114.0
-174.0,115.0
-174.0,116.0
-174.0,117.0
-174.0,120.0
-174.0,121.0
-174.0,122.0
-174.0,123.0
-174.0,124.0
-174.0,125.0
-175.0,127.0
-175.0,128.0
-175.0,129.0
-175.0,130.0
-175.0,131.0
-175.0,132.0
-175.0,133.0
-176.0,135.0
-176.0,136.0
-177.0,136.0
-179.0,137.0
-180.0,137.0
-182.0,137.0
-183.0,137.0
-184.0,137.0
-185.0,137.0
-186.0,137.0
-187.0,137.0
-188.0,138.0
-190.0,138.0
-191.0,138.0
-192.0,138.0
-193.0,138.0
-194.0,138.0
-195.0,138.0
-196.0,138.0
-198.0,138.0
-200.0,139.0
-201.0,140.0
-202.0,142.0
-203.0,143.0
-205.0,143.0
-206.0,143.0
-207.0,144.0
-208.0,144.0
-209.0,145.0
-210.0,145.0
-211.0,146.0
-213.0,146.0
-214.0,146.0
-215.0,146.0
-216.0,146.0
-216.0,145.0
-196.0,144.0
-196.0,143.0
-196.0,141.0
-196.0,140.0
-195.0,140.0
-195.0,139.0
-195.0,138.0
-195.0,137.0
-195.0,136.0
-195.0,135.0
-195.0,133.0
-194.0,132.0
-192.0,130.0
-190.0,128.0
-187.0,124.0
-186.0,123.0
-186.0,122.0
-185.0,121.0
-185.0,120.0
-184.0,118.0
-184.0,117.0
-184.0,116.0
-184.0,115.0
-184.0,114.0
-184.0,113.0
-183.0,113.0
-183.0,112.0
-183.0,111.0
-183.0,109.0
-183.0,108.0
-183.0,107.0
-183.0,106.0
-183.0,105.0
-184.0,104.0
-184.0,103.0
-184.0,101.0
-185.0,101.0
-186.0,100.0
-187.0,100.0
-214.0,119.0
-213.0,119.0
-211.0,119.0
-210.0,119.0
-209.0,119.0
-208.0,119.0
-207.0,119.0
-206.0,119.0
-205.0,119.0
-203.0,119.0
-202.0,119.0
-201.0,119.0
-200.0,119.0
-199.0,119.0
-198.0,119.0
-197.0,119.0
-195.0,119.0
-194.0,119.0
-193.0,119.0
-192.0,119.0
-191.0,119.0
-190.0,119.0
-189.0,119.0
-187.0,119.0
-186.0,119.0
-185.0,120.0
-184.0,120.0
-183.0,120.0
-182.0,120.0
-181.0,120.0
-180.0,120.0
-178.0,120.0
-177.0,121.0
-176.0,121.0
-175.0,121.0
-174.0,121.0
-173.0,121.0
-172.0,121.0
-170.0,121.0
-121.0,213.0
-122.0,213.0
-123.0,214.0
-124.0,214.0
-126.0,214.0
-126.0,215.0
-126.0,216.0
-126.0,218.0
-126.0,219.0
-126.0,220.0
-126.0,221.0
-126.0,222.0
-126.0,223.0
-126.0,227.0
-125.0,229.0
-125.0,230.0
-122.0,236.0
-121.0,237.0
-120.0,238.0
-120.0,239.0
-120.0,241.0
-119.0,242.0
-119.0,243.0
-119.0,244.0
-117.0,244.0
-117.0,245.0
-117.0,246.0
-117.0,247.0
-116.0,247.0
-116.0,248.0
-116.0,250.0
-116.0,251.0
-115.0,251.0
-114.0,251.0
-113.0,251.0
-112.0,252.0
-111.0,252.0
-110.0,252.0
-108.0,252.0
-107.0,252.0
-106.0,252.0
-106.0,251.0
-107.0,249.0
-109.0,248.0
-110.0,247.0
-110.0,245.0
-111.0,242.0
-111.0,239.0
-112.0,237.0
-112.0,236.0
-114.0,234.0
-114.0,233.0
-115.0,232.0
-115.0,231.0
-115.0,230.0
-115.0,229.0
-115.0,228.0
-115.0,227.0
-115.0,225.0
-116.0,224.0
-116.0,223.0
-116.0,222.0
-116.0,221.0
-116.0,220.0
-117.0,219.0
-117.0,217.0
-117.0,216.0
-117.0,214.0
-117.0,213.0
-117.0,212.0
-117.0,210.0
-117.0,209.0
-117.0,208.0
-117.0,207.0
-117.0,206.0
-116.0,206.0
-116.0,207.0
-115.0,208.0
-111.0,268.0
-111.0,270.0
-111.0,271.0
-110.0,272.0
-109.0,273.0
-108.0,274.0
-108.0,275.0
-106.0,276.0
-106.0,278.0
-106.0,279.0
-105.0,279.0
-105.0,280.0
-105.0,281.0
-105.0,282.0
-95.0,296.0
-95.0,293.0
-95.0,292.0
-95.0,291.0
-95.0,290.0
-95.0,289.0
-95.0,288.0
-95.0,286.0
-95.0,285.0
-95.0,284.0
-95.0,283.0
-95.0,282.0
-95.0,281.0
-95.0,278.0
-94.0,277.0
-94.0,276.0
-93.0,275.0
-93.0,274.0
-91.0,271.0
-88.0,270.0
-87.0,269.0
-86.0,269.0
-85.0,269.0
-84.0,269.0
-83.0,269.0
-81.0,269.0
-80.0,269.0
-79.0,269.0
-78.0,270.0
-77.0,272.0
-76.0,273.0
-76.0,274.0
-75.0,275.0
-75.0,276.0
-73.0,277.0
-73.0,280.0
-72.0,281.0
-72.0,282.0
-71.0,283.0
-71.0,284.0
-71.0,285.0
-71.0,287.0
-71.0,288.0
-71.0,289.0
-71.0,290.0
-71.0,291.0
-72.0,291.0
-74.0,291.0
-75.0,291.0
-76.0,291.0
-77.0,291.0
-78.0,291.0
-79.0,291.0
-82.0,291.0
-83.0,291.0
-84.0,291.0
-83.0,291.0
-81.0,291.0
-80.0,291.0
-79.0,291.0
-78.0,291.0
-77.0,291.0
-76.0,291.0
-75.0,291.0
-73.0,291.0
-72.0,291.0
-71.0,291.0
-70.0,291.0
-69.0,291.0
-68.0,291.0
-67.0,291.0
-66.0,291.0
-64.0,291.0
-63.0,290.0
-62.0,290.0
-61.0,290.0
-60.0,290.0
-59.0,289.0
-58.0,289.0
-56.0,288.0
-38.0,280.0
-37.0,280.0
-36.0,280.0
-35.0,280.0
-34.0,279.0
-33.0,279.0
-32.0,279.0
-31.0,279.0
-31.0,280.0
-30.0,280.0
-28.0,281.0
-27.0,282.0
-26.0,283.0
-25.0,284.0
-24.0,284.0
-23.0,284.0
-22.0,284.0
-20.0,285.0
-19.0,285.0
-19.0,286.0
-18.0,287.0
-18.0,289.0
-17.0,290.0
-17.0,291.0
-17.0,292.0
-17.0,293.0
-17.0,294.0
-17.0,295.0
-17.0,297.0
-18.0,298.0
-19.0,299.0
-22.0,299.0
-23.0,299.0
-24.0,300.0
-26.0,300.0
-27.0,300.0
-29.0,300.0
-30.0,300.0
-31.0,300.0
-32.0,300.0
-33.0,300.0
-34.0,299.0
-35.0,299.0
-36.0,298.0
-38.0,296.0
-39.0,295.0
-40.0,295.0
-41.0,294.0
-41.0,293.0
-42.0,292.0
-43.0,291.0
-44.0,290.0
-44.0,288.0
-44.0,287.0
-46.0,286.0
-46.0,285.0
-46.0,284.0
-46.0,283.0
-46.0,282.0
-46.0,281.0
-46.0,279.0
-46.0,278.0
-45.0,278.0
-44.0,278.0
-42.0,277.0
-41.0,277.0
-40.0,277.0
-39.0,277.0
-37.0,277.0
-36.0,277.0
-35.0,277.0
224.0,244.0
224.0,242.0
223.0,242.0
222.0,242.0
221.0,242.0
220.0,242.0
217.0,242.0
216.0,242.0
215.0,242.0
213.0,242.0
210.0,242.0
209.0,242.0
208.0,242.0
207.0,241.0
204.0,240.0
203.0,239.0
201.0,239.0
200.0,238.0
198.0,237.0
197.0,235.0
196.0,234.0
195.0,233.0
194.0,232.0
193.0,231.0
192.0,230.0
190.0,228.0
189.0,225.0
187.0,223.0
187.0,221.0
186.0,218.0
186.0,216.0
186.0,215.0
186.0,214.0
186.0,213.0
186.0,212.0
186.0,210.0
186.0,209.0
186.0,206.0
186.0,202.0
187.0,200.0
188.0,199.0
188.0,197.0
190.0,196.0
191.0,195.0
192.0,194.0
193.0,194.0
194.0,194.0
195.0,194.0
196.0,194.0
197.0,194.0
199.0,193.0
200.0,193.0
201.0,193.0
202.0,193.0
203.0,193.0
204.0,193.0
205.0,193.0
207.0,193.0
208.0,193.0
209.0,193.0
210.0,193.0
211.0,193.0
212.0,193.0
213.0,193.0
213.0,194.0
215.0,194.0
216.0,195.0
217.0,195.0
218.0,198.0
219.0,200.0
221.0,201.0
224.0,203.0
225.0,206.0
227.0,208.0
228.0,210.0
229.0,212.0
229.0,213.0
232.0,216.0
232.0,217.0
233.0,218.0
233.0,219.0
234.0,220.0
235.0,221.0
235.0,223.0
235.0,224.0
235.0,225.0
235.0,226.0
235.0,227.0
235.0,228.0
235.0,229.0
235.0,231.0
235.0,232.0
235.0,233.0
235.0,234.0
235.0,235.0
235.0,236.0
235.0,237.0
235.0,239.0
235.0,240.0
235.0,241.0
234.0,242.0
234.0,243.0
233.0,244.0
231.0,245.0
230.0,245.0
229.0,246.0
228.0,246.0
227.0,246.0
197.0,271.0
196.0,272.0
195.0,273.0
194.0,274.0
192.0,277.0
191.0,279.0
190.0,280.0
189.0,282.0
188.0,283.0
186.0,284.0
185.0,285.0
184.0,286.0
183.0,287.0
182.0,287.0
181.0,288.0
180.0,288.0
180.0,290.0
227.0,257.0
227.0,258.0
228.0,258.0
230.0,259.0
231.0,260.0
232.0,261.0
233.0,262.0
234.0,263.0
235.0,265.0
236.0,266.0
238.0,267.0
239.0,268.0
240.0,269.0
241.0,270.0
242.0,271.0
243.0,273.0
244.0,274.0
246.0,275.0
247.0,276.0
248.0,277.0
248.0,278.0
249.0,279.0
249.0,280.0
250.0,282.0
250.0,283.0
250.0,284.0
250.0,285.0
168.0,234.0
166.0,235.0
165.0,236.0
164.0,236.0
163.0,237.0
162.0,239.0
161.0,240.0
158.0,241.0
157.0,242.0
156.0,243.0
155.0,244.0
154.0,246.0
153.0,246.0
151.0,247.0
150.0,248.0
149.0,248.0
148.0,249.0
147.0,249.0
146.0,250.0
145.0,250.0
143.0,251.0
142.0,251.0
141.0,252.0
171.0,195.0
171.0,194.0
171.0,193.0
171.0,192.0
171.0,191.0
169.0,190.0
168.0,187.0
167.0,185.0
166.0,183.0
164.0,181.0
163.0,178.0
162.0,175.0
160.0,171.0
159.0,168.0
157.0,164.0
156.0,159.0
155.0,157.0
153.0,154.0
152.0,151.0
152.0,150.0
151.0,149.0
151.0,148.0
151.0,147.0
151.0,146.0
151.0,144.0
151.0,143.0
194.0,179.0
196.0,179.0
198.0,179.0
200.0,177.0
203.0,176.0
206.0,175.0
207.0,173.0
209.0,172.0
212.0,171.0
215.0,170.0
217.0,168.0
219.0,167.0
220.0,166.0
222.0,165.0
223.0,163.0
224.0,163.0
226.0,162.0
227.0,162.0
228.0,161.0
228.0,160.0
229.0,160.0
230.0,160.0
253.0,211.0
251.0,210.0
251.0,209.0
252.0,208.0
253.0,207.0
254.0,205.0
255.0,204.0
256.0,203.0
257.0,202.0
258.0,201.0
260.0,200.0
261.0,199.0
261.0,197.0
262.0,194.0
263.0,192.0
263.0,191.0
264.0,190.0
264.0,189.0
81.0,102.0
79.0,102.0
78.0,102.0
77.0,104.0
76.0,104.0
75.0,104.0
74.0,104.0
71.0,105.0
69.0,105.0
67.0,105.0
65.0,105.0
62.0,105.0
60.0,105.0
56.0,105.0
55.0,105.0
53.0,105.0
52.0,105.0
51.0,105.0
50.0,105.0
49.0,104.0
48.0,102.0
47.0,101.0
45.0,100.0
44.0,99.0
43.0,98.0
42.0,97.0
42.0,96.0
41.0,95.0
41.0,93.0
41.0,92.0
41.0,91.0
41.0,90.0
41.0,89.0
41.0,88.0
42.0,85.0
43.0,84.0
45.0,83.0
46.0,82.0
47.0,81.0
48.0,79.0
49.0,78.0
50.0,77.0
53.0,76.0
54.0,75.0
55.0,74.0
56.0,73.0
61.0,70.0
69.0,67.0
71.0,65.0
74.0,65.0
77.0,65.0
78.0,65.0
79.0,65.0
80.0,66.0
81.0,67.0
83.0,70.0
85.0,72.0
86.0,74.0
87.0,78.0
88.0,79.0
89.0,80.0
89.0,82.0
90.0,84.0
92.0,85.0
92.0,87.0
93.0,88.0
93.0,89.0
93.0,91.0
94.0,92.0
94.0,93.0
94.0,94.0
94.0,95.0
94.0,96.0
94.0,97.0
94.0,98.0
94.0,100.0
93.0,101.0
91.0,102.0
90.0,103.0
89.0,104.0
87.0,105.0
85.0,106.0
85.0,108.0
83.0,108.0
82.0,109.0
80.0,109.0
70.0,67.0
70.0,66.0
70.0,65.0
70.0,64.0
72.0,61.0
72.0,60.0
72.0,58.0
73.0,53.0
73.0,49.0
74.0,44.0
76.0,40.0
76.0,36.0
77.0,31.0
79.0,27.0
80.0,23.0
80.0,20.0
80.0,17.0
80.0,15.0
80.0,12.0
80.0,11.0
80.0,9.0
80.0,8.0
82.0,5.0
82.0,4.0
82.0,3.0
82.0,2.0
83.0,1.0
83.0,-2.0
83.0,-4.0
83.0,-7.0
83.0,-8.0
83.0,-10.0
83.0,-12.0
83.0,-14.0
83.0,-17.0
83.0,-18.0
83.0,-20.0
83.0,-23.0
83.0,-25.0
83.0,-28.0
83.0,-29.0
83.0,-31.0
81.0,-33.0
81.0,-35.0
81.0,-36.0
81.0,-37.0
81.0,-38.0
81.0,-35.0
81.0,-37.0
81.0,-39.0
80.0,-40.0
79.0,-44.0
78.0,-46.0
76.0,-49.0
75.0,-52.0
74.0,-55.0
72.0,-56.0
71.0,-58.0
70.0,-59.0
69.0,-61.0
68.0,-62.0
67.0,-63.0
65.0,-64.0
64.0,-65.0
63.0,-66.0
62.0,-67.0
61.0,-70.0
60.0,-71.0
58.0,-72.0
56.0,-73.0
55.0,-75.0
54.0,-76.0
51.0,-77.0
50.0,-78.0
50.0,-79.0
49.0,-79.0
49.0,-80.0
49.0,-81.0
49.0,-80.0
49.0,-79.0
49.0,-77.0
51.0,-74.0
51.0,-73.0
52.0,-70.0
53.0,-67.0
54.0,-66.0
57.0,-64.0
58.0,-63.0
59.0,-62.0
60.0,-61.0
84.0,-32.0
85.0,-32.0
86.0,-35.0
87.0,-36.0
89.0,-37.0
91.0,-41.0
92.0,-42.0
96.0,-45.0
101.0,-49.0
106.0,-54.0
108.0,-57.0
111.0,-61.0
114.0,-64.0
116.0,-67.0
118.0,-68.0
119.0,-69.0
122.0,-71.0
123.0,-72.0
124.0,-73.0
125.0,-74.0
126.0,-75.0
128.0,-76.0
129.0,-76.0
28.0,47.0
29.0,47.0
30.0,46.0
34.0,42.0
37.0,38.0
40.0,35.0
42.0,32.0
45.0,28.0
50.0,25.0
54.0,22.0
59.0,17.0
62.0,16.0
64.0,14.0
67.0,13.0
68.0,12.0
69.0,11.0
71.0,10.0
72.0,9.0
73.0,7.0
74.0,6.0
76.0,5.0
78.0,4.0
79.0,3.0
81.0,1.0
82.0,0.0
84.0,0.0
84.0,-1.0
85.0,-1.0
86.0,0.0
87.0,3.0
89.0,7.0
90.0,10.0
91.0,15.0
95.0,21.0
97.0,24.0
99.0,28.0
100.0,31.0
101.0,32.0
101.0,33.0
101.0,34.0
102.0,35.0
102.0,37.0
102.0,38.0
102.0,39.0
102.0,40.0
104.0,41.0
105.0,42.0
105.0,43.0
106.0,45.0
107.0,46.0
107.0,47.0
107.0,48.0
108.0,48.0
108.0,49.0
108.0,50.0
56.0,91.0
56.0,92.0
57.0,92.0
59.0,92.0
60.0,92.0
61.0,92.0
62.0,92.0
63.0,92.0
62.0,93.0
59.0,95.0
58.0,96.0
57.0,96.0
56.0,96.0
72.0,91.0
74.0,91.0
75.0,91.0
76.0,91.0
77.0,91.0
78.0,92.0
79.0,93.0
80.0,94.0
80.0,96.0
81.0,96.0
60.0,85.0
60.0,84.0
60.0,83.0
60.0,82.0
60.0,81.0
60.0,80.0
61.0,80.0
61.0,78.0
62.0,78.0
62.0,77.0
63.0,76.0
63.0,75.0
64.0,75.0
64.0,74.0
66.0,73.0
67.0,73.0
68.0,72.0
69.0,72.0
70.0,72.0
71.0,72.0
72.0,72.0
74.0,70.0
75.0,70.0
76.0,70.0
77.0,70.0
78.0,70.0
79.0,70.0
80.0,70.0
80.0,71.0
81.0,72.0
81.0,73.0
81.0,74.0
83.0,75.0
83.0,76.0
84.0,76.0
84.0,77.0
84.0,79.0
84.0,80.0
85.0,81.0
85.0,79.0
85.0,78.0
85.0,77.0
85.0,76.0
85.0,75.0
85.0,74.0
85.0,73.0
85.0,71.0
85.0,70.0
85.0,69.0
85.0,68.0
85.0,67.0
85.0,66.0
85.0,65.0
85.0,63.0
85.0,62.0
85.0,61.0
85.0,60.0
85.0,59.0
85.0,58.0
85.0,57.0
85.0,56.0
85.0,54.0
85.0,53.0
84.0,52.0
82.0,51.0
81.0,51.0
81.0,50.0
80.0,50.0
79.0,50.0
78.0,50.0
77.0,50.0
76.0,49.0
75.0,49.0
73.0,49.0
72.0,49.0
71.0,49.0
70.0,49.0
69.0,49.0
68.0,50.0
67.0,51.0
65.0,51.0
64.0,52.0
63.0,53.0
62.0,56.0
61.0,57.0
60.0,58.0
60.0,59.0
59.0,60.0
57.0,61.0
57.0,62.0
56.0,64.0
56.0,65.0
56.0,66.0
55.0,67.0
55.0,68.0
55.0,69.0
55.0,70.0
55.0,72.0
55.0,73.0
56.0,73.0
56.0,74.0
58.0,75.0
58.0,76.0
58.0,77.0
59.0,77.0
59.0,78.0
59.0,80.0
59.0,81.0
59.0,82.0
60.0,83.0
60.0,84.0
-230.0,-115.0
-230.0,-117.0
-230.0,-119.0
-230.0,-124.0
-230.0,-126.0
-230.0,-127.0
-230.0,-128.0
-230.0,-130.0
-229.0,-131.0
-229.0,-132.0
-229.0,-134.0
-229.0,-136.0
-229.0,-137.0
-229.0,-139.0
-229.0,-140.0
-229.0,-141.0
-232.0,-103.0
-232.0,-104.0
-232.0,-105.0
-231.0,-107.0
-229.0,-112.0
-228.0,-113.0
-227.0,-115.0
-226.0,-116.0
-224.0,-118.0
-223.0,-119.0
-222.0,-120.0
-221.0,-121.0
-220.0,-122.0
-219.0,-122.0
-218.0,-122.0
-216.0,-122.0
-215.0,-122.0
-214.0,-122.0
-214.0,-121.0
-213.0,-120.0
-212.0,-119.0
-211.0,-117.0
-210.0,-116.0
-209.0,-115.0
-207.0,-114.0
-205.0,-113.0
-204.0,-112.0
-203.0,-110.0
-201.0,-109.0
-200.0,-108.0
-199.0,-107.0
-198.0,-106.0
-198.0,-105.0
-197.0,-104.0
-197.0,-103.0
-197.0,-101.0
-197.0,-102.0
-196.0,-103.0
-196.0,-105.0
-196.0,-106.0
-196.0,-109.0
-196.0,-111.0
-196.0,-112.0
-196.0,-115.0
-196.0,-117.0
-196.0,-120.0
-194.0,-123.0
-194.0,-124.0
-194.0,-128.0
-194.0,-129.0
-193.0,-130.0
-193.0,-132.0
-193.0,-133.0
-192.0,-135.0
-192.0,-137.0
-191.0,-138.0
-190.0,-139.0
-190.0,-140.0
-189.0,-142.0
-189.0,-143.0
-188.0,-144.0
-186.0,-145.0
-185.0,-146.0
-184.0,-147.0
-183.0,-147.0
-182.0,-147.0
-181.0,-147.0
-180.0,-147.0
-178.0,-147.0
-177.0,-147.0
-176.0,-147.0
-175.0,-147.0
-174.0,-146.0
-173.0,-145.0
-172.0,-144.0
-171.0,-143.0
-169.0,-141.0
-168.0,-140.0
-167.0,-139.0
-166.0,-138.0
-165.0,-135.0
-164.0,-134.0
-162.0,-133.0
-161.0,-132.0
-160.0,-131.0
-159.0,-130.0
-158.0,-129.0
-158.0,-127.0
-157.0,-126.0
-157.0,-125.0
-156.0,-124.0
-156.0,-123.0
-156.0,-122.0
-156.0,-121.0
-156.0,-120.0
-156.0,-118.0
-157.0,-117.0
-158.0,-116.0
-160.0,-114.0
-163.0,-113.0
-165.0,-112.0
-167.0,-112.0
-169.0,-112.0
-171.0,-112.0
-172.0,-112.0
-173.0,-112.0
-174.0,-112.0
-175.0,-113.0
-176.0,-114.0
-176.0,-115.0
-176.0,-116.0
-177.0,-117.0
-177.0,-119.0
-177.0,-120.0
-179.0,-121.0
-179.0,-122.0
-179.0,-123.0
-179.0,-124.0
-179.0,-125.0
-179.0,-126.0
-178.0,-128.0
-178.0,-129.0
-177.0,-131.0
-176.0,-134.0
-173.0,-136.0
-172.0,-137.0
-171.0,-139.0
-170.0,-140.0
-169.0,-140.0
-168.0,-141.0
-167.0,-141.0
-166.0,-141.0
-164.0,-141.0
-163.0,-141.0
-162.0,-141.0
-161.0,-141.0
-160.0,-141.0
-159.0,-141.0
-158.0,-140.0
-156.0,-137.0
-154.0,-136.0
-153.0,-135.0
-152.0,-134.0
-151.0,-133.0
-150.0,-132.0
-148.0,-132.0
-148.0,-130.0
-147.0,-130.0
-146.0,-129.0
-146.0,-128.0
-145.0,-128.0
-145.0,-127.0
-144.0,-127.0
-143.0,-126.0
-142.0,-125.0
-140.0,-124.0
-140.0,-122.0
-139.0,-122.0
-138.0,-121.0
-137.0,-124.0
-137.0,-125.0
-136.0,-126.0
-136.0,-127.0
-136.0,-129.0
-136.0,-130.0
-135.0,-131.0
-135.0,-132.0
-135.0,-133.0
-135.0,-134.0
-135.0,-135.0
-134.0,-136.0
-134.0,-138.0
-134.0,-139.0
-134.0,-140.0
-132.0,-140.0
-132.0,-137.0
-132.0,-136.0
-132.0,-135.0
-132.0,-134.0
-132.0,-133.0
-132.0,-132.0
-132.0,-131.0
-132.0,-129.0
-132.0,-128.0
-132.0,-125.0
-131.0,-124.0
-131.0,-123.0
-130.0,-121.0
-130.0,-120.0
-129.0,-119.0
-128.0,-118.0
-127.0,-117.0
-126.0,-116.0
-124.0,-115.0
-123.0,-113.0
-122.0,-112.0
-121.0,-112.0
-120.0,-112.0
-119.0,-111.0
-118.0,-111.0
-116.0,-111.0
-115.0,-111.0
-114.0,-111.0
-110.0,-135.0
-110.0,-136.0
-110.0,-137.0
-110.0,-138.0
-110.0,-140.0
-110.0,-141.0
-110.0,-142.0
-110.0,-141.0
-110.0,-139.0
-110.0,-138.0
-110.0,-137.0
-110.0,-136.0
-110.0,-135.0
-110.0,-134.0
-110.0,-133.0
-110.0,-132.0
-110.0,-130.0
-109.0,-129.0
-109.0,-128.0
-109.0,-127.0
-108.0,-126.0
-108.0,-125.0
-107.0,-124.0
-107.0,-122.0
-106.0,-121.0
-105.0,-120.0
-105.0,-119.0
-103.0,-119.0
-102.0,-118.0
-102.0,-117.0
-101.0,-116.0
-101.0,-114.0
-100.0,-114.0
-99.0,-113.0
-98.0,-112.0
-97.0,-112.0
-95.0,-112.0
-94.0,-112.0
-93.0,-112.0
-93.0,-113.0
-92.0,-115.0
-92.0,-116.0
-92.0,-117.0
-92.0,-118.0
-92.0,-119.0
-92.0,-120.0
-92.0,-121.0
-93.0,-123.0
-79.0,-108.0
-78.0,-108.0
-77.0,-110.0
-76.0,-111.0
-75.0,-114.0
-74.0,-115.0
-72.0,-116.0
-71.0,-119.0
-70.0,-120.0
-69.0,-121.0
-68.0,-122.0
-67.0,-123.0
-65.0,-126.0
-64.0,-127.0
-63.0,-128.0
-62.0,-129.0
-61.0,-130.0
-61.0,-131.0
-60.0,-133.0
-59.0,-134.0
-57.0,-134.0
-56.0,-135.0
-55.0,-135.0
-54.0,-135.0
-53.0,-135.0
-52.0,-135.0
-51.0,-134.0
-49.0,-132.0
-48.0,-131.0
-47.0,-130.0
-46.0,-129.0
-45.0,-127.0
-43.0,-124.0
-43.0,-123.0
-42.0,-122.0
-42.0,-120.0
-41.0,-119.0
-41.0,-118.0
-41.0,-116.0
-41.0,-118.0
-41.0,-121.0
-42.0,-125.0
-42.0,-128.0
-43.0,-132.0
-43.0,-137.0
-43.0,-141.0
-44.0,-144.0
-46.0,-148.0
-47.0,-152.0
-47.0,-157.0
-49.0,-163.0
-50.0,-167.0
-52.0,-172.0
-53.0,-174.0
-55.0,-177.0
-56.0,-178.0
-57.0,-179.0
-58.0,-180.0
-59.0,-182.0
-60.0,-183.0
-61.0,-183.0
-63.0,-183.0
-64.0,-183.0
-65.0,-183.0
-66.0,-183.0
-67.0,-183.0
-68.0,-183.0
-69.0,-183.0
-70.0,-183.0
-72.0,-183.0
-73.0,-181.0
-74.0,-181.0
42.0,-105.0
41.0,-108.0
39.0,-112.0
36.0,-116.0
33.0,-121.0
29.0,-126.0
26.0,-130.0
21.0,-137.0
15.0,-144.0
11.0,-148.0
6.0,-153.0
-1.0,-158.0
-5.0,-163.0
-10.0,-167.0
-15.0,-170.0
-17.0,-173.0
-22.0,-175.0
-23.0,-176.0
-24.0,-177.0
-25.0,-177.0
-26.0,-178.0
-15.0,-108.0
-14.0,-108.0
-10.0,-111.0
-9.0,-114.0
-4.0,-118.0
-3.0,-123.0
0.0,-127.0
3.0,-132.0
8.0,-136.0
11.0,-139.0
14.0,-144.0
15.0,-146.0
18.0,-149.0
19.0,-152.0
20.0,-153.0
21.0,-154.0
23.0,-155.0
24.0,-157.0
25.0,-158.0
26.0,-159.0
27.0,-160.0
28.0,-161.0
29.0,-162.0
30.0,-163.0
32.0,-165.0
33.0,-166.0
34.0,-167.0
35.0,-168.0
35.0,-169.0
36.0,-170.0
37.0,-171.0
38.0,-172.0
63.0,-145.0
65.0,-145.0
65.0,-146.0
65.0,-149.0
66.0,-151.0
67.0,-154.0
67.0,-155.0
68.0,-156.0
68.0,-158.0
70.0,-159.0
70.0,-160.0
70.0,-161.0
70.0,-158.0
71.0,-154.0
71.0,-152.0
72.0,-150.0
72.0,-148.0
73.0,-147.0
75.0,-146.0
75.0,-145.0
76.0,-145.0
76.0,-143.0
77.0,-142.0
78.0,-141.0
79.0,-141.0
79.0,-140.0
80.0,-140.0
81.0,-140.0
82.0,-139.0
84.0,-139.0
85.0,-139.0
87.0,-142.0
89.0,-144.0
90.0,-147.0
91.0,-150.0
93.0,-151.0
94.0,-152.0
94.0,-153.0
94.0,-156.0
95.0,-157.0
95.0,-158.0
95.0,-159.0
96.0,-159.0
97.0,-158.0
100.0,-154.0
101.0,-151.0
102.0,-148.0
105.0,-147.0
106.0,-146.0
107.0,-145.0
109.0,-144.0
109.0,-142.0
110.0,-142.0
111.0,-142.0
111.0,-141.0
112.0,-141.0
113.0,-141.0
114.0,-141.0
115.0,-143.0
117.0,-144.0
118.0,-145.0
118.0,-146.0
119.0,-147.0
120.0,-148.0
121.0,-149.0
122.0,-151.0
122.0,-152.0
122.0,-153.0
122.0,-154.0
122.0,-155.0
122.0,-156.0
123.0,-157.0
123.0,-158.0
125.0,-158.0
127.0,-158.0
128.0,-158.0
129.0,-158.0
130.0,-158.0
132.0,-158.0
133.0,-158.0
134.0,-158.0
135.0,-158.0
136.0,-158.0
137.0,-158.0
138.0,-158.0
140.0,-158.0
141.0,-158.0
142.0,-157.0
143.0,-157.0
144.0,-157.0
144.0,-156.0
145.0,-156.0
146.0,-156.0
148.0,-155.0
149.0,-154.0
150.0,-153.0
151.0,-153.0
152.0,-151.0
153.0,-150.0
154.0,-149.0
154.0,-148.0
155.0,-148.0
155.0,-147.0
155.0,-146.0
157.0,-146.0
156.0,-145.0
155.0,-143.0
153.0,-142.0
153.0,-141.0
152.0,-141.0
151.0,-141.0
149.0,-141.0
148.0,-140.0
147.0,-140.0
146.0,-140.0
145.0,-140.0
144.0,-140.0
143.0,-140.0
141.0,-140.0
140.0,-140.0
139.0,-140.0
139.0,-141.0
138.0,-142.0
137.0,-143.0
136.0,-145.0
136.0,-146.0
136.0,-147.0
135.0,-148.0
135.0,-149.0
135.0,-150.0
135.0,-151.0
135.0,-153.0
135.0,-155.0
136.0,-156.0
137.0,-157.0
138.0,-158.0
139.0,-160.0
141.0,-161.0
142.0,-161.0
143.0,-162.0
144.0,-162.0
145.0,-162.0
146.0,-162.0
147.0,-162.0
149.0,-162.0
150.0,-161.0
152.0,-158.0
154.0,-156.0
154.0,-155.0
155.0,-154.0
157.0,-152.0
157.0,-150.0
157.0,-149.0
157.0,-148.0
157.0,-147.0
157.0,-146.0
158.0,-146.0
159.0,-147.0
160.0,-148.0
161.0,-148.0
164.0,-149.0
166.0,-151.0
169.0,-152.0
173.0,-154.0
176.0,-154.0
180.0,-155.0
183.0,-155.0
187.0,-157.0
190.0,-157.0
191.0,-157.0
192.0,-157.0
193.0,-157.0
194.0,-157.0
196.0,-157.0
197.0,-156.0
198.0,-155.0
199.0,-154.0
200.0,-153.0
201.0,-152.0
202.0,-151.0
204.0,-150.0
205.0,-149.0
206.0,-147.0
207.0,-146.0
208.0,-145.0
209.0,-144.0
210.0,-143.0
212.0,-142.0
214.0,-139.0
215.0,-137.0
215.0,-135.0
215.0,-134.0
215.0,-133.0
215.0,-131.0
214.0,-131.0
213.0,-130.0
211.0,-130.0
210.0,-130.0
209.0,-130.0
208.0,-130.0
207.0,-132.0
206.0,-133.0
205.0,-134.0
203.0,-134.0
202.0,-135.0
201.0,-136.0
200.0,-137.0
199.0,-138.0
198.0,-140.0
197.0,-141.0
197.0,-145.0
195.0,-147.0
195.0,-150.0
196.0,-153.0
197.0,-155.0
198.0,-156.0
199.0,-158.0
200.0,-159.0
201.0,-160.0
205.0,-161.0
210.0,-163.0
214.0,-165.0
216.0,-166.0
216.0,-167.0
216.0,-169.0
217.0,-170.0
217.0,-171.0
217.0,-172.0
217.0,-173.0
216.0,-173.0
215.0,-174.0
214.0,-175.0
212.0,-176.0
211.0,-178.0
210.0,-179.0
209.0,-179.0
208.0,-180.0
207.0,-181.0
206.0,-182.0
204.0,-182.0
203.0,-183.0
202.0,-184.0
201.0,-184.0
200.0,-186.0
200.0,-187.0
199.0,-188.0
198.0,-189.0
196.0,-190.0
195.0,-191.0
195.0,-192.0
194.0,-192.0
194.0,-194.0
